$ 1 0.000005 10.20027730826997 50 5 43
T 160 192 272 208 0 4 1 0 0 0.999
d 272 160 368 160 2 default
d 368 192 272 192 2 default
d 272 224 368 224 2 default
d 368 256 272 256 2 default
w 272 192 272 160 0
w 272 256 272 224 0
w 368 224 400 224 0
w 400 224 400 160 0
w 400 160 368 160 0
w 368 192 368 256 0
w 368 256 448 256 0
w 400 160 448 160 0
c 448 256 448 160 0 0.001 0
r 496 256 496 160 0 1000
w 448 160 496 160 0
w 448 256 496 256 0
w 496 160 544 160 0
w 496 256 544 256 0
x 552 168 566 171 4 24 \p
x 553 262 560 265 4 24 -
x 138 214 156 217 4 24 in
g 496 256 496 288 0
x 538 215 571 218 4 24 out
