$ 1 0.000005 10.20027730826997 50 5 43
f 144 304 224 304 32 1.5 0.02
f 368 304 448 304 32 1.5 0.02
f 256 304 336 304 32 1.5 0.02
v 112 192 112 112 0 0 40 5 0 0 0.5
w 224 288 224 224 0
w 336 288 336 224 0
w 448 288 448 224 0
w 224 224 304 224 0
w 304 224 304 192 0
w 336 224 336 192 0
w 368 192 368 224 0
w 368 224 448 224 0
w 112 112 336 112 0
w 336 112 336 144 0
w 112 352 224 352 0
w 224 352 224 320 0
w 336 320 336 352 0
w 336 352 448 352 0
w 448 352 448 320 0
w 336 352 224 352 0
g 112 352 112 368 0
w 144 304 144 400 0
w 256 304 256 400 0
w 368 304 368 400 0
b 128 400 383 435 0
b 272 144 399 191 0
x 295 174 380 177 4 24 Ledstrip
x 176 426 333 429 4 24 Microcontroller
w 112 352 112 192 0
x 137 180 189 183 4 16 1:\sGate
x 138 200 194 203 4 16 2:\sDrain
x 139 219 207 222 4 16 3:\sSource
x 453 280 461 283 4 16 2
x 406 294 414 297 4 16 1
x 454 332 462 335 4 16 3
x 310 213 389 216 4 18 R\s\s\s\sG\s\s\s\sB
o 34 64 0 4099 0.0000762939453125 0.00009765625 0 2 34 3
